58590   11318
50521   83696
27323   81208
33112   99284
27922   49371
65787   90869
40517   36120
20919   48795
30416   63304
88719   50742
79993   75970
27124   51458
35850   70479
47642   30113
56934   42097
99900   51466
21591   33043
97673   89174
29342   22031
75687   90761
45898   50821
22897   63031
23889   77846
63662   48377
65299   75957
44563   99284
60281   51466
49181   35314
50909   52749
21600   11254
44988   13205
58351   33964
84132   90140
33795   94103
30993   90836
23660   42097
56833   67799
84296   30712
27172   23612
41123   64339
70231   50742
65636   35314
24047   72155
11869   60279
44666   91711
81159   79500
75418   66073
18982   51466
54865   26946
91042   14334
21791   89073
86188   22769
92550   56504
63942   48743
55260   92181
97155   69816
44593   25507
94520   37390
16803   31162
99284   94474
10940   16434
51986   32334
94727   54184
79564   22031
67524   42754
96074   54184
32231   87988
82182   11698
36414   29276
16281   28226
21085   86754
98238   43817
53299   42097
19359   93023
46340   72842
16355   51322
70234   51466
50841   13798
81149   71891
58011   53741
80355   58080
62858   56427
25160   14155
29287   26946
82307   37276
45594   10162
52167   67510
66037   18892
16339   26946
74466   59737
68243   96568
70410   82183
18833   81661
52684   20077
99904   14334
64936   32858
67435   35314
25168   51466
48685   52200
87833   43966
16974   56000
82852   91407
54986   42097
56112   49272
64314   67342
66607   54466
61959   45397
20294   14988
22416   99280
15287   22031
42081   17788
69276   85883
19958   89174
14337   24625
43966   45494
56772   64995
37195   65787
71264   60398
45446   14947
27319   54184
71714   56504
98898   54184
15964   53181
35923   34140
92462   99284
70969   21414
60163   81686
26799   45525
57327   92053
19339   51466
56504   91566
53113   44890
78876   51902
96200   89174
82490   70725
44316   36065
71051   88682
89880   22031
27972   74592
58858   41411
31090   64119
99124   40772
77060   35314
67020   25937
28781   22031
58289   99284
89174   50742
38323   63710
42607   42383
12543   89055
23349   38990
70058   59526
15437   50742
59862   98161
30674   37596
14449   18706
42471   22031
41124   32858
77330   44890
91002   14369
12075   40772
51581   75361
17412   76932
57784   38581
78558   99284
68326   18310
33313   54184
18353   52449
91690   32831
31047   33504
41819   19604
97743   65016
81549   20645
72159   33409
38296   27139
39901   97487
26924   14334
77429   52218
90666   42785
25384   60133
61440   92089
42764   30200
26668   94108
44171   93942
96575   54184
77777   25665
65805   84579
66448   48617
66204   20645
67751   33623
48577   64139
14034   62738
82234   33385
94447   92116
21669   80984
76758   43995
16998   91461
10808   14581
91668   92007
42411   65834
83439   51090
57286   56504
26423   85951
47687   90581
75978   35314
79027   96347
13122   76475
43173   64852
33696   85951
26050   53741
29903   49202
55762   67069
22725   93128
92748   37390
75292   46134
84901   83013
82424   53741
49756   10496
99049   95224
21549   42097
45030   90831
42687   43966
24675   43966
64330   78889
26258   21120
11886   18810
10674   55709
80983   36441
73290   20645
91623   50742
68510   82209
96050   27139
29559   40772
87297   79655
16161   22031
69453   73178
79979   36506
28404   82655
95222   38807
61168   81721
39809   74305
24627   16084
48823   82344
22852   44523
67111   26946
22838   97487
19454   33107
84203   54184
97780   35714
53203   27139
89425   97487
16614   18100
19219   99284
20569   82309
48161   40982
17213   31332
70935   40772
86566   78489
24611   91868
54359   97873
95758   54184
20532   73488
49070   58755
66014   54184
69011   69128
54241   99864
61068   82574
64852   26325
60260   90900
26299   10028
58452   27139
26134   22031
84291   31012
94851   23134
90147   21120
88435   46853
26639   32875
98570   64925
66700   61354
57045   31104
30983   77622
77419   62276
61144   34934
79828   81916
38801   34632
71141   73192
30543   33571
33787   93024
93255   97304
27104   93186
43923   23461
70069   73947
23376   79180
82293   51960
37692   27139
91328   69682
47801   37390
90140   50742
40772   21893
77630   62221
26106   24286
82191   79832
29674   85951
32858   35263
57709   50742
70834   74783
34807   23868
40646   93606
17334   72970
79995   39402
22031   14334
59137   40772
23515   23407
69665   59362
78363   31953
74969   85136
51172   40772
11229   98531
86385   53822
71049   73230
90321   64852
15381   24392
17377   14334
35732   26946
92220   98405
75143   22448
93217   22031
12345   80271
66240   40772
63460   31057
14334   59725
52629   82139
67549   57710
32589   21120
40973   51466
48086   64809
62405   56431
69385   65345
73015   28247
47116   35314
89461   53741
89978   37390
45093   43966
95580   20645
90761   22983
61770   37390
91506   17021
37148   58211
73119   29135
83826   16084
11602   46435
79485   43966
51373   14334
71333   50742
41091   71891
60255   11833
70778   44890
76205   26946
67609   32858
65250   83865
81623   12242
20105   17154
53573   89174
67594   55600
30437   56504
74127   98641
43012   24286
82823   90761
87461   43966
35267   22031
99386   71177
47451   23934
51886   43966
45000   98769
93502   69179
26127   42438
61492   44506
16858   20657
77633   89949
29357   86929
91974   85951
87979   14334
12707   83865
38824   83968
46482   25275
69244   35249
10765   99284
30619   53741
30590   55600
99292   85951
28244   43966
18494   85951
91105   44506
73930   26946
30813   85951
67308   94250
54758   85951
43568   33487
15869   34016
82010   27139
33131   52450
57985   12045
93101   51270
15835   64414
24286   23491
56944   11795
47755   10809
82704   75027
93787   90140
51466   20555
51856   14334
30252   44890
44052   31936
20691   68431
57033   63455
13300   43535
33712   84239
97080   51559
91808   22031
90652   22031
64155   44890
65463   40772
44798   52819
43936   44156
18253   27360
73289   89174
71164   56212
34646   20645
42097   89582
15990   55600
56628   41785
68636   89174
67043   16186
25652   34811
87109   70679
83865   43966
54773   24922
12778   27139
41699   62346
59666   17557
94699   37390
77535   27125
19069   18324
34344   51466
24906   41267
91226   76330
58992   17879
21084   37390
95352   27424
14593   14167
57258   79480
41550   98477
59908   49327
63930   56501
52103   49712
98431   19293
64232   64852
10638   14334
52217   35314
11797   27139
12501   53741
39316   73238
62625   54184
54433   27493
23801   35877
15292   50742
28822   55302
90501   18892
52285   33785
42385   21120
34500   97487
39882   93726
12013   47966
42691   18536
57217   14334
31320   58173
90532   42331
65216   54184
78393   42097
48315   29944
37332   48362
40774   98927
16062   28783
73931   39391
54344   21435
17846   56504
61807   42097
93272   97487"
typeof(mytext)
source("01_input.R")
source("01_input.R")
source("01_input.R")
mytext <- str_split(mytext, "\n", n = Inf, simplify = FALSE)
# typeof(mytext)
# length(mytext[[1]])
list_one <- c()
list_two <- c()
for (i in 1:length(mytext[[1]]) {
source("01_input.R")
mytext <- str_split(mytext, "\n", n = Inf, simplify = FALSE)
# typeof(mytext)
# length(mytext[[1]])
list_one <- c()
list_two <- c()
for (i in 1:length(mytext[[1]])) {
list_one[i] <- substr(mytext[[1]][i], 1, 5)
list_two[i] <- substr(mytext[[1]][i], 8, 13)
}
list_one <- list_one %>% sort() %>% strtoi()
list_two <- list_two %>% sort() %>% strtoi()
result <- sum(abs(list_one - list_two))
result
